object UserProfileSubForm: TUserProfileSubForm
  Width = 736
  Height = 548
  object WebEdit1: TWebEdit
    Left = 200
    Top = 120
    Width = 121
    Height = 22
    HeightPercent = 100.000000000000000000
    Text = 'WebEdit1'
    WidthPercent = 100.000000000000000000
  end
end
